49 -76 -55 44 -42 -43 -44 -57 -53 -59 -41 76 73 50 -42 65 -78 56 71 -54 41
55 -68 -65 79 -45 -40 -49 -63 -79 -57 -42 72 62 47 -56 71 -64 58 43 -70 78
49 -64 -41 67 -52 -56 -53 -72 -70 -75 -57 47 61 42 -70 76 -75 46 44 -40 49
-64 60 69 41 68 65 -56 -66 -54 -44 48 -64 -44 -64 -54 -58 -71 -71 -68 -57 69 -75 48 -77 47 -54 48 44 -56 61 53 -77 -47 -61 73 56 -40 -58 -54 54 -50 78 -62 64 46 -79 55 55 69 -74 -62 58 -52 -65 -47 -67 67 -61 63 -47 -48
-58 60 58 76 51 46 -45 -58 -66 -70 55 -55 -65 -61 -40 -65 -42 -44 -63 -50 70 -71 69 -78 67 -40 68 70 -45 57 66 -56 -66 -45 64 78 -66 -67 -62 73 -47 74 -41 61 60 -48 57 66 75 -47 -58 43 -78 -62 -77 -43 75 -68 72 -68 -50
-65 40 53 73 43 73 -60 -41 -45 -43 59 -52 -44 -59 -56 -75 -70 -76 -79 -79 42 -75 67 -41 57 -50 57 70 -60 54 44 -66 -46 -43 75 64 -67 -69 -50 62 -55 58 -58 58 65 -44 79 60 78 -67 -63 71 -71 -76 -69 -75 51 -62 68 -59 -47
58 43 -48 54 42 41 58 60 50 -67 -50 -70 -52 59 -74 44 -63 55 57 -67 67 -69 43 65 54 63 -55 78 -61 -64 61 79 59 66 56 44 76 56 -63 -57 -46 72 -42 -65 58 54 -77 -47 48 68 76 -79 -77 -69 60 77 -57 74 42 72 -40 47 45 40 77 64 -43 -74 -58 -59 74 -46 -54 -44 -42 -69 -75 -48 -63 -57 48
-44 46 -60 74 -51 68 49 -60 69 58 -65 -75 -70 71 78 -70 -63 -67 40 -53 46 -55 76 54 -53 49 40 56 -42 -51 69 -59 -40 -47 -62 73 -49 64 -59 -77 44 -64 -68 -47 75 -76 -67 42 64 44 60 67 -72 -43 46 44 -47 64 -44 63 70 66 -64 -50 42 -65 -50 -79 -62 62 56 -46 -70 43 -64 74 72 49 68 49 -57
71 43 -55 69 40 43 69 72 51 -49 -71 -57 -66 66 -56 65 -75 50 51 -60 53 -76 52 49 79 79 -56 56 -70 -47 65 45 77 51 71 48 65 65 -60 -77 -41 48 -62 -50 75 52 -66 -56 66 45 69 -40 -79 -61 49 63 -46 63 43 53 -50 53 77 75 57 70 -62 -44 -68 -79 41 -54 -40 -45 -45 -70 -60 -54 -75 -63 52
-590 -79 56 -79 41 -71 53 57 76 42 46 79 76 50 -50 44 -75 66 -50 40 -53 -49 -69 -50 -44 -44 -50 54 -74 -68 -50 78 56 79 51 -42 -63 40 56 -77 55 78 43 -43 69 59 79 54 58 57 -42 -78 -63 44 73 -69 -53 -57 43 -69 67 51 -77 47 44 57 62 55 67 -79 -70 -49 -44 62 -59 75 -51 47 70 -63 75 -51 50 41 63 64 -69 45 -62 -46 73 79 79 70 51 58 63 71 -45 -50 -46
680 -67 -48 59 -77 -72 -57 -57 59 47 -71 -63 52 -47 50 66 76 46 77 -58 76 42 73 -72 51 -72 42 74 45 54 -40 48 -75 -60 64 77 71 -79 73 -58 -41 44 -64 -42 -41 -58 -76 -63 -40 67 63 61 -42 74 -62 61 62 -61 53 -55 43 60 77 65 59 70 -61 56 -55 -46 41 62 -71 -60 44 50 -49 65 43 67 57 -68 -54 69 65 49 40 -74 -74 54 -52 56 55 -42 -60 -52 -42 -44 67 41 74
690 -55 -48 53 45 -41 -66 45 71 57 -57 -78 -77 52 75 -42 41 68 68 -72 79 47 51 74 53 -55 -76 -48 -41 52 -40 -58 -57 -54 -70 -44 -58 -48 -43 68 -65 69 -60 73 -47 79 72 -71 47 79 -67 -68 -59 41 77 -53 -73 -48 44 -69 48 -56 53 59 -40 63 59 63 -73 -61 72 -73 -50 -58 -55 66 -54 64 -77 -56 44 -71 -66 -41 58 -53 -55 59 48 79 59 53 -73 -77 75 75 -46 58 -53 47 71
-3 4 9 -4 7 9 3 -8 -7 5 -6 -6 -9 -4 5 -1 4 -6 -4 1 -1 -3 -6 2 -7 -6 2 8 8 7 7 -8 -2 9 7 -1 6 -6 5 1 6 -7 -7 2 -7 -1 -3 -5 3 7 -1 -9 3 -1 5 2 7 1 1 -2 8 5 1 -2 7 -7 5 4 2 1 -6 1 -9 -5 7 7 7 -7 6 -4 -1 4 -9 -1 -4 -4 -1 -5 -7 7 9 6 -8 4 -3 4 8 -4 7 -8 1 6 3 7 9 7 -2 1 -5 -4 4 7 -5 -3 1 60 -89 6 1 3 3 -1 -2 5 6 3 3 -5 -6 7 -4 5 6 -3 -9 -2 -4 -8 10 8 6
-1 -3 -6 2 -7 -6 2 8 8 7 7 -8 -2 9 7 -1 6 -6 5 1 6 -7 -7 2 -7 -1 -3 -5 3 7 -1 -9 3 -1 5 2 7 1 1 -2 8 5 1 -2 7 -7 5 4 2 1 -6 1 -9 -5 7 7 7 -7 6 -4 -1 4 -9 -1 -4 -4 -1 -5 -7 7 9 6 -8 4 -3 4 8 -4 7 -8 1 6 3 7 9 7 -2 1 -5 -4 4 7 -5 -3 1 60 -89 6 1 3 3 -1 -2 5 6 3 3 -5 -6 7 -4 5 6 -3 -9 -2 -4 -8 10 8 6
-32 423 91 -413 136 915 313 -813 -712 513 -613 -629 -912 -412 512 -115 414 -613 -122 121 -123 -331 -68 25 -74 -61 24 81 89 79 79 -84 -212 99 73 -110 64 -61 51 110 60 -71 -73 24 -76 -165 -31 -534 35 74 -113 -91 35 -145 54 234 71 157 109 -23 80 590 114 -212 70 -79 59 47 24 134 -62 111 -98 -50 76 745 73 -73 61 -498 -134 44 -92 -112 -48 -44 -123 -57 -79 79 99 69 -89 412 -39 40 89 -49 76 -84 112 63 31 79 93 73 -212 111 -55 -45 44 73 -52 -300 100 6 -8 63 160 312 38 -189 -20 50 60 39 30 -59 -60 71 -48 50 60 -30 -90 -29 -41 -85 10 80 60
-123 -331 -68 25 -74 -61 24 81 89 79 79 -84 -212 99 73 -110 64 -61 51 110 60 -71 -73 24 -76 -165 -31 -534 35 74 -113 -91 35 -145 54 234 71 157 109 -23 80 590 114 -212 70 -79 59 47 24 134 -62 111 -98 -50 76 745 73 -73 61 -498 -134 44 -92 -112 -48 -44 -123 -57 -79 79 99 69 -89 412 -39 40 89 -49 76 -84 112 63 31 79 93 73 -212 111 -55 -45 44 73 -52 -300 100 6 -8 63 160 312 38 -189 -20 50 60 39 30 -59 -60 71 -48 50 60 -30 -90 -29 -41 -85 10 80 60